13.0136
14.4071
15.1547
15.6488
16.9892
19.0531
20.8095
23.0204
24.9339
26.584
28.548
60.3095
30.7069
29.7193
28.0593
26.2376
43.849
17.2689
14.4063
12.6704
11.1578
27.8853
14.9729
14.0558
15.1758
16.7681
19.0216
41.1984
21.7791
23.7714
25.8052
24.2248
36.5491
14.4818
14.0727
15.5389
14.6032
27.4245
12.5675
13.1361
11.5444
10.5977
19.6215
12.9534
11.1708
11.2807
12.4853
21.1717
8.75062
6.06833
9.62674
10.0523
23.8265
13.0883
17.6156
17.3622
14.5151
20.3041
10.9023
10.5977
8.34482
7.43735
21.3162
11.7207
17.5435
16.1638
21.4754
52.9103
36.2843
37.4237
51.4127
46.3806
109.481
59.2801
53.4807
53.5537
48.7898
94.945
40.5054
44.8877
42.6511
37.7006
55.682
18.6168
19.0939
10.9477
11.8651
15.1466
28.6032
12.2945
8.3693
10.6886
12.0218
23.6786
15.801
16.5305
18.5863
21.7634
46.3435
24.6541
24.3861
23.3041
22.6766
42.336
18.0828
17.3593
12.9979
9.96857
26.5133
14.1282
14.3772
17.6744
20.1612
39.2041
19.7064
20.0214
21.5885
22.4092
43.558
22.9017
23.8653
23.4831
22.873
42.5939
19.1532
19.6849
20.2711
22.2349
58.1593
40.9256
46.7313
38.0313
42.5729
74.8768
34.7841
41.0625
42.0717
41.0792
95.5697
45.7368
45.51
38.5471
30.6032
51.2094
26.3902
22.2223
23.5676
19.7235
18.0387
31.8142
14.4353
11.8192
18.113
9.4745
22.1809
10.3226
13.0808
19.2628
6.58253
8.82158
11.1858
14.4768
19.8657
26.713
50.8572
21.4671
26.1025
27.5918
24.7249
55.9611
21.6129
21.5114
16.6003
14.1982
29.5053
20.6322
26.7245
34.751
38.0566
95.3762
51.484
57.2413
62.035
64.607
143.51
78.2364
72.531
62.474
60.763
118.195
46.7058
44.3544
37.8666
28.0901
32.0345
12.564
15.3359
19.9871
20.6581
41.4353
21.8285
19.5713
21.9072
25.1764
55.4811
30.827
26.3866
28.3836
26.217
28.2152
63.9924
34.4972
37.6434
37.5168
38.3364
74.8401
40.1909
44.7656
45.1103
42.4633
59.8925
29.7326
27.1413
24.6539
18.4637
35.311
22.188
1053.38
1003.77
93.3287
60.1067
32.8855
974.002
1584.54
111.308
70.6824
31.0995
24.9707
27.1014
21.0264
35.3102
12.1994
9.59663
7.91765
861.065
22.2405
6.49295
5.55097
4.9455
5.53702
12.7534
7.46711
7.65286
5.88095
9.64606
16.3819
7.80054
7.6375
9.90908
10.3705
22.5378
11.7931
15.4098
13.3707
15.1919
12.5849
29.1189
11.3087
12.3101
12.3006
11.8502
27.883
16.0713
16.2986
20.4861
19.8417
53.3376
33.4754
33.4392
42.7974
27.4295
54.0273
22.0801
20.1114
16.1778
14.4676
30.5069
12.7793
14.7438
15.2463
14.838
29.9718
16.9093
20.644
21.9614
20.6448
45.4832
20.3555
21.803
21.432
21.8673
36.5918
19.3312
18.6679
16.9218
22.4131
41.3059
20.6792
23.6419
21.7252
21.852
41.2196
17.8666
13.6717
11.4695
10.4831
18.9646
8.39518
8.08548
7.73777
6.40206
13.239
9.64058
11.0925
11.44
10.3507
9.69483
17.0191
6.7508
5.28863
5.98937
5.03592
10.6885
5.83311
7.28923
9.14208
10.9789
27.5157
16.1914
17.9142
19.2113
20.5537
44.0902
23.6779
24.8475
30.0188
28.0799
61.6559
34.309
34.8481
36.4837
38.0202
78.1835
41.3991
37.3499
36.1872
40.9057
69.5509
36.7115
34.9796
34.1519
32.2687
64.2314
31.4979
28.7729
28.5303
28.0043
54.8189
27.3532
27.3456
27.2654
26.7629
50.4252
25.1607
26.6697
28.354
32.408
70.6914
30.8331
29.3061
30.1051
34.0327
48.5289
24.7807
22.0653
20.8548
19.5788
22.7602
43.0879
23.7307
23.7392
25.2057
23.9501
47.168
24.4154
24.8744
25.988
25.8056
55.571
28.9745
30.9159
35.6593
36.7968
83.6471
48.8692
46.281
47.124
49.8098
96.7232
45.8419
42.4079
38.4573
39.3065
73.5635
36.5818
36.9314
37.3664
41.2106
90.0099
47.2317
51.4921
48.2761
53.7965
100.556
51.2295
53.6365
48.5011
48.1598
96.3382
50.9406
47.73
50.2895
53.5459
106.962
57.983
56.7397
63.5011
71.4957
93.7045
50.4828
47.9346
45.2215
43.4493
73.1221
29.5926
26.083
21.4315
21.2831
12.3748
49.709
26.7754
28.0211
31.4243
28.9439
59.7145
27.3342
28.9857
29.6133
28.6505
54.6155
29.1527
27.7861
1078.02
54.4854
41.8089
17.8935
12.5801
15.4255
13.391
23.2585
1118.45
25.0531
14.3613
14.9026
39.3608
22.7727
17.3972
17.1504
18.4054
28.7169
12.3419
8.69699
7.0943
6.3154
15.8998
12.0308
14.4604
12.1214
9.2519
23.2517
11.7088
8.25339
8.22102
7.15753
19.1867
10.3329
13.7347
13.7273
13.597
30.5107
17.9894
18.0974
24.046
28.0939
45.3268
23.4737
20.2382
19.8384
19.9606
18.0612
35.0131
16.7002
15.4557
19.246
20.2477
48.039
28.0693
27.7608
27.3145
26.9808
46.4051
19.9661
25.7936
26.5359
29.9331
70.2219
39.02
42.6804
47.7575
43.0792
95.07
50.5541
61.8148
53.9625
67.6879
136.769
69.9281
75.4393
71.65
69.7356
126.384
57.0266
50.873
52.9093
48.3151
99.6019
50.3574
46.6365
41.9701
60.0998
96.2497
46.0324
53.6286
40.2199
49.5222
71.4817
28.7419
22.9344
20.8933
16.8489
22.8589
10.1321
10.552
11.0751
8.41325
9.22667
11.2672
3.91384
6.86454
7.46847
10.5314
24.6947
18.9247
21.1699
22.5855
19.8784
46.4945
21.3375
23.8391
25.7535
31.5481
63.405
33.3078
40.4356
48.0585
60.6275
153.508
98.6327
91.5723
81.1608
86.1194
139.217
54.0496
53.5323
54.7707
52.7176
101.703
47.0676
48.7083
48.3218
47.1631
104.047
58.6899
56.1144
51.42
47.7489
73.2163
32.4472
35.9837
34.8579
32.8028
72.288
41.5031
37.1659
39.0264
35.6908
69.854
31.363
30.3924
30.8716
33.0276
65.7002
34.9925
36.6682
36.7044
34.7036
37.762
79.6354
36.8091
35.7298
35.8358
29.0868
46.8356
24.6941
20.8551
21.6525
26.0013
53.0026
29.0306
24.6961
28.4104
33.1056
56.5663
27.0473
19.5983
15.185
24.7258
14.5771
15.6598
19.0126
18.2786
18.0754
31.4914
13.4817
13.8601
10.2792
11.6502
16.2324
6.73879
6.41149
13.313
12.1025
25.2509
13.7286
7.84853
13.8804
19.6622
29.2203
19.7554
19.913
42.2635
30.0129
58.1285
63.2103
30.5161
28.6887
33.7383
65.0315
59.9434
1704.21
217.788
121.592
136.938
49.2394
46.0516
41.9544
25.6677
20.9728
67.4645
30.8464
25.3275
23.2647
17.8418
47.6661
39.4909
39.6536
41.4191
41.7815
92.1599
30.4173
38.3987
50.5477
59.091
117.505
13.2818
17.3747
22.4695
28.0236
60.2898
24.3372
22.8874
19.9824
18.2541
47.8521
27.2896
36.8113
32.7087
34.7378
117.39
42.5265
40.4541
39.8232
35.9928
46.5632
38.6773
48.5287
33.2843
22.1585
21.21
7.97061
5.74839
5.15146
3.41963
8.47421
7.05525
9.32996
13.213
19.9142
57.8094
35.3342
45.3143
42.6646
33.4177
67.0398
28.2343
35.3329
53.6937
67.871
68.9521
156.985
76.3718
65.8327
63.9883
73.8124
93.6446
46.3117
53.306
50.4265
47.9138
103.769
50.3898
47.6157
46.4877
47.0752
65.0055
29.7632
27.8597
27.3946
45.3697
78.5508
26.3222
44.4396
58.0655
64.5006
122.166
42.9123
53.4253
57.4208
47.1059
98.9688
72.7479
62.448
54.6838
52.0823
84.9052
40.0185
36.4218
35.2665
30.7602
52.8386
25.7138
19.366
15.8204
14.2753
35.1986
15.3654
13.4626
19.2608
20.8838
58.1929
36.0204
42.9409
50.5746
59.3004
156.689
86.3318
72.7413
60.7257
62.7669
52.2443
122.021
37.6948
35.2414
26.4718
24.425
59.5128
25.8056
38.7294
58.2575
60.3761
96.3678
40.7226
39.2276
28.5418
17.0872
13.6383
5.30372
6.76656
5.31564
8.24911
30.3578
20.6928
28.2487
35.1024
36.4792
82.2407
49.3031
55.6902
56.9743
56.4747
112.998
48.3363
51.5748
49.7237
48.1295
74.39
38.2701
30.5929
21.3751
18.0177
23.2287
8.59241
12.7444
13.8756
13.118
22.6642
13.9072
14.9402
18.6046
20.7833
47.5704
23.4632
21.6044
20.6221
21.4234
18.0455
32.8428
20.1084
18.5468
20.4217
21.8707
39.9675
24.167
28.0452
31.9983
29.5644
54.6153
30.9667
32.3687
32.2349
32.715
66.1688
29.7391
31.1669
29.8784
30.3953
55.4451
23.8447
23.4707
21.8762
22.5537
41.296
23.1517
20.1739
17.8978
16.1176
25.6129
9.81377
8.19946
7.63216
6.53218
9.5267
4.85329
4.11333
4.09993
4.19096
5.52396
2.04398
1.79171
3.82107
4.04517
6.85159
5.1709
4.82849
5.87883
8.62093
13.1805
5.77246
5.68283
5.00844
4.86738
12.0393
4.62876
3.98044
3.71465
2.73277
3.24899
8.77981
3.97868
2.79921
4.89057
7.73553
19.5379
11.9019
14.6044
16.2299
17.914
38.2781
23.1189
22.9888
22.6186
24.2313
41.0588
17.5618
16.1676
16.7902
15.7062
16.9086
3.07168
5.42498
7.17952
6.33672
4.19933
2.99719
2.71075
1.11461
1.47704
1.05516
0.773468
3.86487
6.7123
10.083
16.0012
14.5831
15.6779
13.4457
13.9389
37.6339
